5.570248073684024526e+00
3.426604552215096078e+00
1.208703870261661706e+00
-8.774497929701566834e-01
-2.693884812917172411e+00
-4.181442927817595745e+00
-5.348315417019978035e+00
-6.235382450238628138e+00
-6.892412010844997106e+00
-7.369967334434378792e+00
-7.709582491321155473e+00
-7.942340402416210310e+00
-8.091813925851347733e+00
-8.174947052390425739e+00
-8.202324550368924605e+00
-8.178330182741076371e+00
-8.101464531979242878e+00
-7.964732986838201967e+00
-7.756117943259617675e+00
-7.459046857722119839e+00
-7.052706836368720644e+00
-6.510198046286730822e+00
-5.799669760446393596e+00
-4.892168578890200514e+00
-3.767071291626979068e+00
-2.416962912439807543e+00
-8.669622931950589084e-01
8.204970428094998658e-01
2.553966822502117040e+00
4.220295328714749772e+00
5.717799586907696074e+00
6.974198049081118178e+00
7.958628848416053003e+00
8.675124501673286304e+00
9.148808304549532977e+00
9.409417037461004441e+00
9.481621980082957535e+00
9.380272181339529780e+00
9.112021428020792513e+00
8.683709456842331420e+00
8.107121256259741671e+00
7.404380946125832530e+00
6.615094437264402494e+00
5.783158914958175245e+00
4.957217451129915631e+00
4.188103814724002838e+00
3.518520509054133161e+00
2.978465148210875046e+00
2.587672938881587115e+00
2.358317128981927358e+00
2.298692127179345679e+00
2.413853365525875372e+00
2.706491682915612706e+00
3.176420171388532054e+00
3.817546453860557243e+00
4.612662909881096951e+00
5.525174848448545895e+00
6.495711331665916966e+00
7.455581560826176180e+00
8.333830580672232813e+00
9.051486350908318101e+00
9.551031642937475752e+00
9.792608715417632226e+00
9.746164342206041553e+00
9.374100436710374851e+00
8.614295442014187287e+00
7.378059608520072921e+00
5.579309947886504695e+00
3.203646182610189630e+00
3.896396543678759539e-01
-2.551193613571337337e+00
-5.238270216635629417e+00
-7.385459364800603943e+00
-8.887113671580463503e+00
-9.778472896883743104e+00
-1.013788958022735009e+01
-1.001398206587409234e+01
-9.407336866614787851e+00
-8.300999124439600863e+00
-6.715464655329268062e+00
-4.752223132316906629e+00
-2.595955846300379122e+00
-4.570489225875560280e-01
1.488491184284317814e+00
3.142081897514142241e+00
4.474417356608091367e+00
5.510125887759341090e+00
6.292826114126166104e+00
6.869910155661382412e+00
7.286810217405892409e+00
7.579901640992436462e+00
7.775319593913560645e+00
7.891663117199524180e+00
7.941137079884610372e+00
7.929789175766004838e+00
7.857828923118503006e+00
7.719977708567113517e+00
7.505867706467669542e+00
7.200515858569943362e+00
6.783155916219985926e+00
6.226527173801086334e+00
5.500574299256777877e+00
4.579478176087636854e+00
3.443549576396536693e+00
2.088130475447394385e+00
5.424921073551189910e-01
-1.130572025709688955e+00
-2.838975747725038801e+00
-4.471499460063810716e+00
-5.930577603414199039e+00
-7.147104819992684988e+00
-8.093602241486065552e+00
-8.774991181014408781e+00
-9.216410485192470858e+00
-9.445868288061758378e+00
-9.485733794050524637e+00
-9.348122124799237653e+00
-9.037070361255066686e+00
-8.557889377947597964e+00
-7.921273866224545657e+00
-7.152178760231168830e+00
-6.291352977147308678e+00
-5.385483954152488373e+00
-4.488637057076282133e+00
-3.654257232260213595e+00
-2.923176182743908669e+00
-2.323701751383836278e+00
-1.874420988110490738e+00
-1.587629700371267161e+00
-1.471617313629643098e+00
-1.531594797391743423e+00
-1.771193645619534518e+00
-2.191735405230747613e+00
-2.790730263220207785e+00
-3.559983730640794430e+00
-4.479206588281955170e+00
-5.505765775267285278e+00
-6.570550832830111432e+00
-7.595274201054468932e+00
-8.501515401493158208e+00
-9.209408798034305121e+00
-9.667774423762715230e+00
-9.840895824948455939e+00
-9.701678531908809688e+00
-9.207064765300266629e+00
-8.285144000019068145e+00
-6.842278541839740491e+00
-4.809610042546164976e+00
-2.224891443803127089e+00
6.979046391141682237e-01
3.597763796468663511e+00
6.109285227611406910e+00
8.014618918095379740e+00
9.275994232457424715e+00
9.959206262125205100e+00
1.013847879861887868e+01
9.845177886616497176e+00
9.070117306541062518e+00
7.805913572787077648e+00
6.103251324601454364e+00
4.092257628395783442e+00
1.969725351465046126e+00
-6.937526863957223233e-02
-1.880582576522803695e+00
-3.394530954030778425e+00
-4.602103710320209373e+00
-5.535631810704102485e+00
-6.238265436510044282e+00
-6.753612218244298582e+00
-7.121858008252334393e+00
-7.374944079362852456e+00
-7.535369107767957431e+00
-7.617575386188710773e+00
-7.629679228862114471e+00
-7.574090270762111388e+00
-7.447732325579612400e+00
-7.242455162628643528e+00
-6.944393341146308352e+00
-6.533112961863463575e+00
-5.982751811170708756e+00
-5.266216821414274385e+00
-4.359725629419964221e+00
-3.243464818267427052e+00
-1.913251900521864224e+00
-3.977734910580166816e-01
1.243922058252211249e+00
2.923263697532473060e+00
4.532086737066768123e+00
5.974555478009661691e+00
7.180776547365988804e+00
8.121364450606604279e+00
8.798751484814589574e+00
9.236129379443438481e+00
9.459955055941755120e+00
9.491233030513088309e+00
9.340450478107038990e+00
9.009827091786309694e+00
8.502042420917350185e+00
7.826023370832428050e+00
7.006874171671453766e+00
6.084698580539811275e+00
5.109412015453762557e+00
4.139296968177654357e+00
3.229770072544480009e+00
2.421959030929255796e+00
1.745519880185471440e+00
1.220214247313845091e+00
8.591829158597684701e-01
6.701057910217549374e-01
6.581612640211267351e-01
8.275492598642086861e-01
1.181266062438753428e+00
1.720280279857764993e+00
2.440684760451374391e+00
3.330479028615067616e+00
4.365071410187686851e+00
5.495884183141670043e+00
6.644087593893829080e+00
7.722537813762010650e+00
8.647445613097557882e+00
9.340426841924207579e+00
9.756331607787299021e+00
9.864831554270335090e+00
9.638911648625757778e+00
9.029962048141557673e+00
7.957734931203111373e+00
6.329614128636033676e+00
4.101505678597466620e+00
1.365716864159050914e+00
-1.602064184370804778e+00
-4.417860801676321003e+00
-6.752176459111089102e+00
-8.450619959209245025e+00
-9.522434039877120782e+00
-1.004676862327776199e+01
-1.008863214592813051e+01
-9.666577457890882741e+00
-8.769731247792122986e+00
-7.404478331723198359e+00
-5.644554496102368368e+00
-3.637937043706514384e+00
-1.578280045253707131e+00
3.581641172994324829e-01
2.053185988121369210e+00
3.457026564331637797e+00
4.571189921417582624e+00
5.430371291708115500e+00
6.075736413465155472e+00
6.546201964532095019e+00
6.876761783349908619e+00
7.095312986442769976e+00
7.221327520165442770e+00
7.266589746793407301e+00
7.236147786996510511e+00
7.129021494896273126e+00
6.938420889743225572e+00
6.651239950580777993e+00
6.248482971879249170e+00
5.706968416730124005e+00
5.003119213399328302e+00
4.114419969171684066e+00
3.021345640733100080e+00
1.720882527857001021e+00
2.409268864059887216e-01
-1.363508833067711201e+00
-3.007741151156769099e+00
-4.587525722947931150e+00
-6.009402106127730292e+00
-7.203117433171222217e+00
-8.137317763166977969e+00
-8.811671738936171394e+00
-9.247073004865097090e+00
-9.468262123705448730e+00
-9.494910920878567140e+00
-9.336052516480961572e+00
-8.992217548106930636e+00
-8.463608935689020285e+00
-7.756929683457167712e+00
-6.896550710075292301e+00
-5.921998199424898246e+00
-4.885491921366797996e+00
-3.849140682810856529e+00
-2.869321002902897266e+00
-1.989458824466688647e+00
-1.241267183551951758e+00
-6.462960960124585208e-01
-2.170162015816979872e-01
4.039343061146455360e-02
1.221796518908519619e-01
2.494466180616277534e-02
-2.559420183892508471e-01
-7.252106980355063071e-01
-1.384265731326366655e+00
-2.227525273786406412e+00
-3.238381094056577592e+00
-4.385027038878795302e+00
-5.609461499807608220e+00
-6.822125513083270754e+00
-7.929221889497855891e+00
-8.843120105452898727e+00
-9.492358775975299423e+00
-9.838975494762092211e+00
-9.858562629881783224e+00
-9.521349082997762281e+00
-8.769836669366108950e+00
-7.516183758675320625e+00
-5.676369832810200577e+00
-3.245757024595824713e+00
-3.833903194587343632e-01
2.578921793139740348e+00
5.256056568211586288e+00
7.375643561074691767e+00
8.850986633482627042e+00
9.729026616942684669e+00
1.009245799974455338e+01
9.993016454400226678e+00
9.437670274894180977e+00
8.419076409224429014e+00
6.962368109403591632e+00
5.162104977184597487e+00
3.179841643361005943e+00
1.198927284503490842e+00
-6.260959332806543820e-01
-2.202155265465130185e+00
-3.496418528215350818e+00
-4.518561822589088450e+00
-5.303876264510322791e+00
-5.891103822235219667e+00
-6.314738273851946637e+00
-6.604130082292781090e+00
-6.782347930137129666e+00
-6.865029369955169436e+00
-6.860195492454129962e+00
-6.768997027255636567e+00
-6.585972962693492860e+00
-6.299308441396504143e+00
-5.892182518294560190e+00
-5.344593500982276701e+00
-4.635577938709384505e+00
-3.743076729935739255e+00
-2.649592360442602157e+00
-1.356880225185517874e+00
1.051151690478944190e-01
1.681837456855359125e+00
3.288541627481172736e+00
4.824955091447782785e+00
6.201710073367412868e+00
7.352283364961417433e+00
8.247941128990881055e+00
8.888707668141258011e+00
9.294722843467413398e+00
9.488758196269049705e+00
9.488002360396475154e+00
9.298806712164646271e+00
8.919220894076966388e+00
8.347851756604956819e+00
7.590385365238047299e+00
6.672792586644841428e+00
5.636038529369772121e+00
4.536575051044655638e+00
3.439847770740466881e+00
2.402258580806011956e+00
1.469014921767755721e+00
6.728728326055005704e-01
3.455601112210616999e-02
-4.366526620734430542e-01
-7.377045838960857305e-01
-8.675508681334982430e-01
-8.242776164584000309e-01
-6.031714929269861303e-01
-1.973682325416266647e-01
4.003927705942876836e-01
1.193099148053863301e+00
2.172449244376417621e+00
3.314578484189830476e+00
4.577080356593472565e+00
5.887305663227399677e+00
7.142785629250250068e+00
8.246125012171187763e+00
9.108718930366674016e+00
9.672781433487873670e+00
9.908791664765832508e+00
9.796352799732380490e+00
9.297940239631691028e+00
8.342491078309745234e+00
6.837559720183138623e+00
4.723786956557781913e+00
2.063566164129571501e+00
-8.970192566602404050e-01
-3.780155251871031297e+00
-6.233246418666965383e+00
-8.068486532907089170e+00
-9.272778004771410565e+00
-9.921681900625090478e+00
-1.009068913991900018e+01
-9.812993304237140890e+00
-9.086424657048532083e+00
-7.913788764595969027e+00
-6.348512544046586825e+00
-4.508662952457081374e+00
-2.565985850432028315e+00
-6.864409114716489846e-01
1.002407331109052446e+00
2.436177796704157128e+00
3.599374414552476864e+00
4.509903078040452762e+00
5.203431301469747083e+00
5.715581451387781620e+00
6.076080063062043735e+00
6.308637206686800170e+00
6.430439650862256329e+00
6.451656272522230395e+00
6.375521055522461289e+00
6.198396891447358392e+00
5.910789089372299188e+00
5.498672335842756276e+00
4.944600166397068008e+00
4.228602741068648641e+00
3.329083228191573873e+00
2.232454225924331404e+00
9.458463429549397450e-01
-4.994168918030366666e-01
-2.047732014338496054e+00
-3.613799929787929077e+00
-5.101939814507621129e+00
-6.426739666670324702e+00
-7.526629629180665582e+00
-8.376005736302913007e+00
-8.976012681110848490e+00
-9.346036569161109142e+00
-9.506814360049471446e+00
-9.472606042685248084e+00
-9.246709909804810223e+00
-8.824689892467320718e+00
-8.203515492404541476e+00
-7.388964765541422786e+00
-6.408939166182709535e+00
-5.307115487648546015e+00
-4.145053550202852932e+00
-2.990369252479564199e+00
-1.900427588794581624e+00
-9.223483395900069493e-01
-8.870773154691061202e-02
5.830947921785141208e-01
1.087942308401509184e+00
1.425756659495214906e+00
1.598065927447405388e+00
1.604635804435598834e+00
1.441973508024569917e+00
1.103058284253154220e+00
5.776873136263429576e-01
-1.442421875563647260e-01
-1.066572337670115056e+00
-2.177877300814443640e+00
-3.445608091690641306e+00
-4.814322127884175906e+00
-6.195209529275081728e+00
-7.475381639401313727e+00
-8.554974247797291653e+00
-9.349932143483428604e+00
-9.817072538844390905e+00
-9.934055123997071135e+00
-9.679847953494384427e+00
-9.005511666019991424e+00
-7.828185263770960134e+00
-6.060633178229003271e+00
-3.685810935542406241e+00
-8.461491884262519747e-01
2.136267128288467099e+00
4.871283170140429775e+00
7.069365503641185988e+00
8.627542798751935749e+00
9.585722116756432598e+00
1.002954789750777032e+01
1.001983007319048546e+01
9.573792755274510569e+00
8.689499684450025185e+00
7.386038188588078590e+00
5.744011652624561926e+00
3.900046149897258285e+00
2.023390456329421383e+00
2.591208675109867854e-01
-1.292526054123619428e+00
-2.590058725206146217e+00
-3.630739800414840346e+00
-4.437058505127601471e+00
-5.043010164339226442e+00
-5.480777861738686418e+00
-5.775866271895582216e+00
-5.946746544285841374e+00
-6.005381641845973562e+00
-5.957153140314473738e+00
-5.801024567911399643e+00
-5.530491843839210553e+00
-5.134033847077539292e+00
-4.595942206473918823e+00
-3.896680065867376364e+00
-3.016260655564388049e+00
-1.944224785026099633e+00
-6.894794340213287187e-01
7.187294772036654233e-01
2.226589882276132304e+00
3.751904469291702515e+00
5.203594742780201621e+00
6.498346982660157423e+00
7.575721272901042802e+00
8.409117523238151648e+00
8.997811363131024365e+00
9.359144424060881207e+00
9.512049963983873369e+00
9.469131486660247177e+00
9.231947666619497284e+00
8.794129004851972908e+00
8.150550609185605921e+00
7.305343319881297148e+00
6.285286170523479932e+00
5.135140849328287516e+00
3.919316334746761665e+00
2.707323214939671097e+00
1.560082788082336025e+00
5.277099881814572013e-01
-3.565484245337373070e-01
-1.077679447012372949e+00
-1.632369140369614335e+00
-2.022553182474721822e+00
-2.251457083025197203e+00
-2.320495340578190735e+00
-2.228245535396966570e+00
-1.969105975951452425e+00
-1.533441430835243757e+00
-9.088310307750053774e-01
-8.291898308478083679e-02
9.490255093359871719e-01
2.172264248135125975e+00
3.545532977567561694e+00
5.001284229743260923e+00
6.436524373111794262e+00
7.731050737398525996e+00
8.784280881713794287e+00
9.519818670168882946e+00
9.904951801060706273e+00
9.923103717754818476e+00
9.548912390087531676e+00
8.723292359562048404e+00
7.357048639793634770e+00
5.377186350286949690e+00
2.814013234678846231e+00
-1.221430830045741045e-01
-3.065600375511191800e+00
-5.642485118784760445e+00
-7.626725524617373964e+00
-8.976189615093840501e+00
-9.758253143238523108e+00
-1.005674153499826140e+01
-9.919448120167180249e+00
-9.355358578749060072e+00
-8.367931986524101973e+00
-6.993624301220933148e+00
-5.328422208453655884e+00
-3.517784402929615695e+00
-1.719521471235497145e+00
-6.046656503796988408e-02
1.379067730670533010e+00
2.571445923255698762e+00
3.520231739467813536e+00
4.248149475967740507e+00
4.786324022426597047e+00
5.163456323511094404e+00
5.401729950369490219e+00
5.516176038137240667e+00
5.514897532329825935e+00
5.399947071857935654e+00
5.167598651008103339e+00
4.808583261250960028e+00
4.308847912209604836e+00
3.650041684835071187e+00
2.814454528167996017e+00
1.793097611965835059e+00
5.937047136804088909e-01
-7.589295603669931056e-01
-2.216105861296175927e+00
-3.701528298617208890e+00
-5.128603018368021793e+00
-6.415114300926461510e+00
-7.497894067615953340e+00
-8.345893368710562754e+00
-8.953447810736861356e+00
-9.334662560600788694e+00
-9.506818723281490691e+00
-9.482274634506508093e+00
-9.262414558625133409e+00
-8.839649191262529015e+00
-8.206394977645366851e+00
-7.363146401425997745e+00
-6.332038079828819832e+00
-5.155857981165947734e+00
-3.899243801595368097e+00
-2.633566522463204329e+00
-1.424734700746603133e+00
-3.274435377951456227e-01
6.221406035316827676e-01
1.408459511881370529e+00
2.027859395097730388e+00
2.483053991789552661e+00
2.778334550913980738e+00
2.917744277818362875e+00
2.902292716870345846e+00
2.728508870408917097e+00
2.388333316460069522e+00
1.869439663397192808e+00
1.157354738435108610e+00
2.388077728663607069e-01
-8.905481459809720945e-01
-2.212006608538247932e+00
-3.675057298856904797e+00
-5.199991128652894368e+00
-6.671366362319504084e+00
-7.964874522715570393e+00
-8.981088284307212177e+00
-9.654467054908224100e+00
-9.960110096320502038e+00
-9.885304504424308192e+00
-9.398533563184562567e+00
-8.431589059815166820e+00
-6.893724888890910840e+00
-4.733031310966040017e+00
-2.029404218934874660e+00
9.503308027696099058e-01
3.819760026380710993e+00
6.237390627373097907e+00
8.035540434681118782e+00
9.215844250117619652e+00
9.859748223394742439e+00
1.004484032379668079e+01
9.808498695527330113e+00
9.156748190845361179e+00
8.099462189058259654e+00
6.688856472953275123e+00
5.029206810188766141e+00
3.267909488556654640e+00
1.549688000649127373e+00
-1.468454376581648443e-02
-1.359209432816980589e+00
-2.464949812269348506e+00
-3.339008716524852982e+00
-4.002590718769428513e+00
-4.483069836987178647e+00
-4.805851764516612334e+00
-4.989913297730239172e+00
-5.047289858276106322e+00
-4.983387815695413892e+00
-4.796982592700263837e+00
-4.481199132218268488e+00
-4.023767844786203973e+00
-3.408628369200276342e+00
-2.620612387487119221e+00
-1.652222287103850773e+00
-5.096211676513509037e-01
7.862548188659190807e-01
2.191875514030417360e+00
3.636528949058400517e+00
5.038217077790828391e+00
6.316458792394042732e+00
7.405386717086373416e+00
8.269654914249997546e+00
8.898555027887102398e+00
9.302595351272950452e+00
9.497299541676127888e+00
9.494824843438184558e+00
9.296705026600328381e+00
8.894627969074990759e+00
8.278824184123816821e+00
7.445944410303565242e+00
6.413585515204668575e+00
5.220997754160780602e+00
3.931955240581408884e+00
2.619856798472536941e+00
1.354643199012146138e+00
1.964354492322255841e-01
-8.156154936637209918e-01
-1.663738492490118182e+00
-2.343574199109126344e+00
-2.857523745892752487e+00
-3.211732568819021694e+00
-3.412850253263417954e+00
-3.464612092267327359e+00
-3.366328449645780818e+00
-3.111571472264723859e+00
-2.688675669158751003e+00
-2.082339266787649468e+00
-1.276131453265648918e+00
-2.567993817484963137e-01
9.770133044884952156e-01
2.398913145655050538e+00
3.946343181849971238e+00
5.524992558110058738e+00
7.006376264843580337e+00
8.267204628935370891e+00
9.212930805380148414e+00
9.793931329321869939e+00
9.993002743450677627e+00
9.797691235618110284e+00
9.166713234845000002e+00
8.021741740297596124e+00
6.276791934312103471e+00
3.915085844588901409e+00
1.080159969202249215e+00
-1.904632593278053676e+00
-4.649498789879800142e+00
-6.866030953875130294e+00
-8.452080090196133710e+00
-9.448199089895172875e+00
-9.942488031398692527e+00
-1.000185520269859296e+01
-9.653285892210751840e+00
-8.902360012725912597e+00
-7.768561996050997287e+00
-6.320740582641698246e+00
-4.671308281164988863e+00
-2.966485439262084967e+00
-1.335438283399760229e+00
1.271384924437554131e-01
1.369998316271167305e+00
2.382441803443810624e+00
3.174415585506685122e+00
3.766025682516825679e+00
4.180844661117904870e+00
4.440025525533995321e+00
4.558972526487257149e+00
4.546089655878261304e+00
4.403032535077974430e+00
4.125407560157515086e+00
3.703048776153597288e+00
3.122782947982913448e+00
2.372274597821644626e+00
1.446067091007924965e+00
3.493298827561661657e-01
-8.991346106110520431e-01
-2.258778671987797804e+00
-3.662760202102838036e+00
-5.033422923953696504e+00
-6.292492941578535337e+00
-7.373382826048548999e+00
-8.238539547152996079e+00
-8.873918301434157385e+00
-9.287160476676090681e+00
-9.491995496986714187e+00
-9.499763190557048986e+00
-9.311544022146788890e+00
-8.918149625431951222e+00
-8.307952102314855480e+00
-7.474799483808213019e+00
-6.433306673308277546e+00
-5.220155007217864629e+00
-3.899057404295209750e+00
-2.545394171568924335e+00
-1.232495348462874674e+00
-2.486480832023126725e-02
1.036324104063460094e+00
1.931840969829995425e+00
2.656492888910972017e+00
3.212967722875076149e+00
3.609770283204520869e+00
3.856184264052968658e+00
3.959230938866267202e+00
3.920867375270244537e+00
3.736737568051850200e+00
3.396277458089295820e+00
2.883358783679012660e+00
2.179003406627668671e+00
1.265479102127730737e+00
1.311140661458498058e-01
-1.219441884241523999e+00
-2.746888021478574249e+00
-4.372697857664859633e+00
-5.985012357596509958e+00
-7.444342379473035010e+00
-8.633874518807356679e+00
-9.470994761651367000e+00
-9.924005091166350212e+00
-9.983041421941152294e+00
-9.629287002938706763e+00
-8.807557416709167697e+00
-7.430839493154405062e+00
-5.430907039865706665e+00
-2.848503581932052331e+00
9.341156253976824753e-02
3.023899155722247212e+00
5.576793845904252755e+00
7.539691192466406733e+00
8.880512856897134100e+00
9.670645765216105971e+00
9.995899764745896476e+00
9.908629331716797495e+00
9.425396460865520964e+00
8.556121098364069866e+00
7.335168313461441159e+00
5.848392204754815360e+00
4.216550843330683307e+00
2.580130524055583408e+00
1.049857698991166988e+00
-2.971496446430287874e-01
-1.424795070273800590e+00
-2.330552063152288689e+00
-3.027094240936992087e+00
-3.533097077406369912e+00
-3.868315064375174916e+00
-4.049369054126197298e+00
-4.086977956991243666e+00
-3.985484750847141378e+00
-3.742794094116182801e+00
-3.351490061364614359e+00
-2.801553840634935177e+00
-2.083484470589403781e+00
-1.193641137240341044e+00
-1.364661306487069403e-01
1.070190552986378441e+00
2.387209386956226975e+00
3.750859608917502808e+00
5.087231586711954634e+00
6.320303527392761467e+00
7.384101316301132201e+00
8.239947852716747789e+00
8.871664488363158796e+00
9.284674294557033747e+00
9.490938861488469769e+00
9.500626703325036004e+00
9.313912113293051576e+00
8.920479654710778306e+00
8.306976264142782895e+00
7.465070654566712705e+00
6.407216673239140903e+00
5.168824364005933703e+00
3.814084410924091895e+00
2.420441322318123589e+00
1.064805791215393205e+00
-1.850174414966284098e-01
-1.286367210137846939e+00
-2.219218265509006027e+00
-2.977467758129105135e+00
-3.565256528270878356e+00
-3.993716416961620386e+00
-4.275338753685566040e+00
-4.420060358255887500e+00
-4.432182798008096114e+00
-4.309973702263672379e+00
-4.044940077448663907e+00
-3.621702241638675712e+00
-3.019552517849197759e+00
-2.215994307823968335e+00
-1.192324424621167056e+00
5.991774157166342152e-02
1.527113529041250084e+00
3.154180297397303434e+00
4.844994562175784836e+00
6.469110223609169097e+00
7.883435846394559299e+00
8.979720762440971171e+00
9.693810534065040230e+00
1.000787473482955647e+01
9.915563071523870065e+00
9.386708865633314858e+00
8.351453597192261213e+00
6.722081702050865637e+00
4.464501516271875303e+00
1.692836373545469231e+00
-1.293772273716234267e+00
-4.104856058596750401e+00
-6.426872842275219710e+00
-8.128606716018991207e+00
-9.234287181412996759e+00
-9.831159194590314954e+00
-9.995093528087480195e+00
-9.764296986239550336e+00
-9.149792492130851329e+00
-8.169475842031751256e+00
-6.877073733710660441e+00
-5.369851499371347536e+00
-3.775029562947502804e+00
-2.220240007353500467e+00
-7.984735295312433978e-01
4.296875335523159811e-01
1.441131993244197051e+00
2.239138710925990150e+00
2.837740463057158991e+00
3.254032267195816619e+00
3.503785230061732481e+00
3.598907661081965248e+00
3.545899713252351315e+00
3.345221923735564484e+00
2.992718617855627095e+00
2.481150075692375445e+00
1.803633014786090172e+00
9.572225698830776341e-01
-5.431291858991923321e-02
-1.214389346002127557e+00
-2.485417237947127767e+00
-3.807592184929277757e+00
-5.110484140241256412e+00
-6.320215347854094112e+00
-7.371227742269819139e+00
-8.222812555092879450e+00
-8.856231464970838019e+00
-9.274278205810459141e+00
-9.487057504613865433e+00
-9.503688265731382145e+00
-9.323709794545324669e+00
-8.935918046177976137e+00
-8.325233107169321300e+00
-7.480794479404160313e+00
-6.412117912659114793e+00
-5.152799407245444385e+00
-3.766576152792687981e+00
-2.332950838086032874e+00
-9.329517519902374989e-01
3.620046438376048337e-01
1.506762020993677176e+00
2.479540660010066233e+00
3.273189616151098047e+00
3.893708178848461987e+00
4.355085349340211742e+00
4.672884556311236004e+00
4.859243458590825071e+00
4.920945756033821894e+00
4.859038880561296736e+00
4.667863927029683779e+00
4.335058677333674559e+00
3.841399577785895580e+00
3.161722821406569128e+00
2.269992040836862124e+00
1.147115892754797972e+00
-2.117242106700121251e-01
-1.783400917594754054e+00
-3.496921383243218884e+00
-5.239622830756663241e+00
-6.865601129890130494e+00
-8.232925095760331047e+00
-9.242454690806248152e+00
-9.848004987925246922e+00
-1.004086367626577214e+01
-9.812752331233399516e+00
-9.121934210154130085e+00
-7.887944065295127594e+00
-6.032403960394390197e+00
-3.565340264081057420e+00
-6.709930568111135418e-01
2.298767036515605877e+00
4.961991893354393390e+00
7.067590103996971962e+00
8.550479218764131417e+00
9.469312349164573206e+00
9.914353481319045258e+00
9.950099875943637429e+00
9.604559918225705317e+00
8.890091426786725037e+00
7.833393858478296501e+00
6.505129528243858594e+00
5.007790712610361794e+00
3.469118015364595742e+00
2.002166941100682607e+00
6.847747327603825873e-01
-4.351815819278866404e-01
-1.342589632931878052e+00
-2.043912337300799908e+00
-2.553128047059745498e+00
-2.885064997527510222e+00
-3.052301397850171849e+00
-3.062885436543473894e+00
-2.920071775767136835e+00
-2.622510306601801844e+00
-2.165625861683000863e+00
-1.544647497253553547e+00
-7.565080091810290064e-01
1.957117116872029161e-01
1.297485439034882448e+00
2.513846906490426303e+00
3.790141865167961477e+00
5.059926052018594689e+00
6.251557511277618495e+00
7.298991456306833214e+00
8.158207613826535365e+00
8.806395918331260120e+00
9.242554477492939569e+00
9.474624490639085295e+00
9.510855325621646372e+00
9.350807576197251336e+00
8.983045597682648875e+00
8.390803503876126612e+00
7.559974970992907828e+00
6.495375620000915617e+00
5.226719168921905911e+00
3.815207227112696664e+00
2.341933820006657285e+00
8.922731034381788939e-01
-4.571525196133352509e-01
-1.656436802486209947e+00
-2.680221072332988452e+00
-3.519690613126646550e+00
-4.182219404132787588e+00
-4.684450272025181050e+00
-4.684450272025181050e+00
