-1.382926029930577061e-01
-7.726601161428620079e-01
-1.441814011791681338e+00
-2.014295696081727538e+00
-2.414650893002694421e+00
-2.626452587639392711e+00
-2.675963253896123994e+00
-2.608325183578076523e+00
-2.470635198254115483e+00
-2.302522343008567063e+00
-2.133678026353257540e+00
-1.984941799047235111e+00
-1.869215388002518408e+00
-1.793417302120910994e+00
-1.759872468285870628e+00
-1.767928364308522848e+00
-1.814882504315650680e+00
-1.894846478211952512e+00
-1.998223727034809327e+00
-2.110298747979279632e+00
-2.210810127309474460e+00
-2.275129681720977182e+00
-2.273619692111906065e+00
-2.175114213638030147e+00
-1.953270310137899646e+00
-1.593713802400747337e+00
-1.105653531683278512e+00
-5.275112971163785636e-01
7.603868908697788975e-02
6.226679557995224989e-01
1.036820683889338790e+00
1.267058280168125606e+00
1.297750729443102768e+00
1.147644897775424555e+00
8.605705035114069590e-01
4.939941846063596320e-01
1.077534543082160207e-01
-2.422552096654009279e-01
-5.116727794479490887e-01
-6.694467077421805135e-01
-7.023472248160811393e-01
-6.155573076176333869e-01
-4.296249399984291562e-01
-1.749876070284960006e-01
1.147187150846539078e-01
4.069465973870433628e-01
6.756868502763792028e-01
9.037419013234692100e-01
1.081785517488069059e+00
1.204232686820594811e+00
1.269338062607919371e+00
1.275248929716640056e+00
1.220531378946905665e+00
1.104698665899050081e+00
9.290536509776209373e-01
7.010855760707137563e-01
4.396175298241529750e-01
1.770005359643424536e-01
-4.459380922006930814e-02
-1.771400673153589178e-01
-1.742062338195692894e-01
-7.995960545500399932e-03
3.192176863287451982e-01
7.679249225442705828e-01
1.260834074468481836e+00
1.687944205532183606e+00
1.919810785501187445e+00
1.838763883539793920e+00
1.390857159013081601e+00
6.422234632179769642e-01
-2.080367596262023000e-01
-9.037269116089297061e-01
-1.255091253550681074e+00
-1.214208008622797541e+00
-8.647400816068666618e-01
-3.642505684316509895e-01
1.116091733504305655e-01
4.079335500982960716e-01
4.216391246893920752e-01
1.286266940862262897e-01
-4.091091118404488469e-01
-1.063541244607198344e+00
-1.694720719236131545e+00
-2.196552048113493694e+00
-2.521875800346370156e+00
-2.674279736543426544e+00
-2.688431421539859034e+00
-2.608658197825310943e+00
-2.477766933659731663e+00
-2.329772100590407291e+00
-2.188813362359352421e+00
-2.071636061120079031e+00
-1.988463789120924030e+00
-1.944026188991728299e+00
-1.939318814925015344e+00
-1.971757165021717828e+00
-2.035102414812505423e+00
-2.119460809264348988e+00
-2.209782523197721726e+00
-2.286980220121714424e+00
-2.326717204656308713e+00
-2.300279131124608689e+00
-2.177709295782724652e+00
-1.935008105547728174e+00
-1.559346260036049037e+00
-1.062766868493399075e+00
-4.848058191775726500e-01
1.099797218359703233e-01
6.405515018722816034e-01
1.034178161556150943e+00
1.242230317391765704e+00
1.251916108897952684e+00
1.083915241589674672e+00
7.834047420227236991e-01
4.089682799236226129e-01
2.114173278421298957e-02
-3.231801070885823579e-01
-5.791509882627186023e-01
-7.155702758935716945e-01
-7.201860362918095504e-01
-6.000271635919985913e-01
-3.785356537952022093e-01
-8.835879715492206410e-02
2.332533224794532678e-01
5.526295642120025997e-01
8.439680191015849209e-01
1.091865294161622701e+00
1.287760376431021703e+00
1.427665091755468740e+00
1.510616532123042921e+00
1.535286623717584176e+00
1.500773374892931278e+00
1.405392769857017887e+00
1.247511349779995005e+00
1.029110927827032729e+00
7.589308516442838659e-01
4.587375322712640702e-01
1.675077890295817440e-01
-6.562984801424605330e-02
-1.883239514844243789e-01
-1.546757726429474344e-01
5.600216657999365633e-02
4.275186916240298896e-01
9.043745121724592329e-01
1.391808223744904094e+00
1.766047415399807585e+00
1.893486324575395230e+00
1.671454268212758665e+00
1.087558729460111673e+00
2.657850510522952181e-01
-5.558002861031341446e-01
-1.130682950924961183e+00
-1.321911065028813503e+00
-1.141296221781142650e+00
-7.102970715831680160e-01
-1.987661569860974531e-01
2.235712925277808794e-01
4.217413117577261117e-01
3.228468216514340794e-01
-6.257749875624217528e-02
-6.460854264592108542e-01
-1.293554874040704128e+00
-1.878691793147742928e+00
-2.319591070315725645e+00
-2.590221633708854387e+00
-2.705620821096037076e+00
-2.703511429475672134e+00
-2.625895212584381522e+00
-2.510553210394926182e+00
-2.386889872379569510e+00
-2.275077981139806749e+00
-2.187955842168860965e+00
-2.133109839528089413e+00
-2.113386189220423095e+00
-2.127202913230074710e+00
-2.169532633140622835e+00
-2.231004710846997252e+00
-2.298165488459737560e+00
-2.353314914165870686e+00
-2.372958889887971434e+00
-2.329893972906299737e+00
-2.195662376124193127e+00
-1.947230820418300423e+00
-1.572336296059523963e+00
-1.081571255011238630e+00
-5.121423662235441432e-01
7.416281520870655897e-02
5.994303541978476257e-01
9.918167343706004724e-01
1.201938913611009241e+00
1.215173603482487819e+00
1.050154102179357896e+00
7.506935463398318742e-01
3.750767910541856764e-01
-1.543369278253235201e-02
-3.623214910429049529e-01
-6.184278304489072564e-01
-7.505189382925182562e-01
-7.446154266131956856e-01
-6.070021219525590928e-01
-3.623311341267886343e-01
-4.477230075884996996e-02
3.050152902669301946e-01
6.518882883852679111e-01
9.689714355848426663e-01
1.240907386784414701e+00
1.458391433402724591e+00
1.619245069353176358e+00
1.723101516771699426e+00
1.770423636029312409e+00
1.760935879615188382e+00
1.692041877329196087e+00
1.560900817342872671e+00
1.365651733922605970e+00
1.108087759405640416e+00
7.989011168767761184e-01
4.641434611971180235e-01
1.487688868842509671e-01
-9.170006139536064638e-02
-2.011189360037267670e-01
-1.362290705784284239e-01
1.150237100204183627e-01
5.230011917637769070e-01
1.016598908231156173e+00
1.486736774154046925e+00
1.799684417359160182e+00
1.823768207898492477e+00
1.477744888106965915e+00
7.921762998399316524e-01
-6.105223173695933925e-02
-8.250380706127322661e-01
-1.279562128654212705e+00
-1.338406685687687503e+00
-1.057576562759793504e+00
-5.808681822617488555e-01
-8.030827874174652214e-02
2.852715751907658470e-01
4.013179977064018078e-01
2.214786222413134553e-01
-2.189646727713219221e-01
-8.175731257284997167e-01
-1.443758552737942180e+00
-1.987157745476799908e+00
-2.384357879445514250e+00
-2.622311499942382884e+00
-2.721832738150936848e+00
-2.719741576809805661e+00
-2.654610243428796146e+00
-2.560160510389207111e+00
-2.461893392939863645e+00
-2.376969918886270960e+00
-2.315712215039102961e+00
-2.282813749432705208e+00
-2.278693494126750707e+00
-2.299809124533845228e+00
-2.338173640491854499e+00
-2.382126786767013726e+00
-2.414559766153101528e+00
-2.413388241666186040e+00
-2.352682787318360003e+00
-2.206344800618031510e+00
-1.951882986791299457e+00
-1.578090735948091350e+00
-1.094202343059012872e+00
-5.349593558451931630e-01
4.095638007435425249e-02
5.593056059573221495e-01
9.497049357621413224e-01
1.162339557471411933e+00
1.180663679592360626e+00
1.020843012660469729e+00
7.247231149391337723e-01
3.496566420493681382e-01
-4.289271414948330613e-02
-3.931762014777562264e-01
-6.518943947338816658e-01
-7.835194700913340471e-01
-7.720913388435127755e-01
-6.226054664398558147e-01
-3.598390027875522090e-01
-2.002573355484265141e-02
3.543955529517865410e-01
7.254655251682903261e-01
1.065967815084217563e+00
1.358332698159567364e+00
1.594193533347478153e+00
1.771926741831858054e+00
1.892878416800116703e+00
1.959994901523097299e+00
1.973626546536764836e+00
1.932007555757810691e+00
1.830999342765083693e+00
1.665249684006861131e+00
1.432270137898161932e+00
1.135629197540732882e+00
7.892919300770034896e-01
4.253714141665913551e-01
9.681691262844759061e-02
-1.353524444351983380e-01
-2.136717592764648954e-01
-1.010589565113004518e-01
2.012633588459558920e-01
6.473298356807488663e-01
1.148713643453928457e+00
1.582587753398204455e+00
1.808899574186352943e+00
1.705897900879824958e+00
1.226070747020886031e+00
4.521758400470229367e-01
-4.000066315772672909e-01
-1.071097757111291404e+00
-1.384075083810863083e+00
-1.308698747347357916e+00
-9.396795141776230764e-01
-4.354098722371000929e-01
3.585997568753127029e-02
3.312952819723098963e-01
3.598596072070894825e-01
1.031990025713677983e-01
-3.818087730524325485e-01
-9.836122199384976783e-01
-1.580823349605382511e+00
-2.079727743215827651e+00
-2.434988539857244838e+00
-2.643925996287173064e+00
-2.730605010863837556e+00
-2.730693171086929549e+00
-2.678886253307166232e+00
-2.604288153299259445e+00
-2.529096792416832606e+00
-2.467636259664895970e+00
-2.427413728776054658e+00
-2.411007227059736469e+00
-2.415994546360242357e+00
-2.435473715571095710e+00
-2.458152416245948935e+00
-2.466947305013068359e+00
-2.440911436880722096e+00
-2.355462554132246922e+00
-2.186686144428366951e+00
-1.913414915937409200e+00
-1.527477804610959611e+00
-1.039838243090243308e+00
-4.854565273707718287e-01
7.714601589665186221e-02
5.764511235624480978e-01
9.453452540970757045e-01
1.136959009256427677e+00
1.137070200288927024e+00
9.630491933707536756e-01
6.572416881965867930e-01
2.772323938745413496e-01
-1.153044751707551219e-01
-4.601998384212802606e-01
-7.075764418265990674e-01
-8.215931581718057819e-01
-7.869858273127171566e-01
-6.102641683528493566e-01
-3.179871063219718019e-01
4.993203180642987599e-02
4.492270391912451810e-01
8.404529786984735740e-01
1.196459579930928108e+00
1.499020873717918034e+00
1.741953542181226222e+00
1.925257188226929372e+00
2.053473394850326095e+00
2.131162423596736133e+00
2.160262550589228780e+00
2.140279741172276928e+00
2.066335024920833430e+00
1.930935233479000424e+00
1.727091121383539596e+00
1.451884134008229799e+00
1.111701356973564092e+00
7.274753389802148806e-01
3.407998354624011128e-01
1.384412080413341579e-02
-1.874874630211489368e-01
-2.082793713115148881e-01
-2.442758877727614283e-02
3.430598849011538554e-01
8.267023733996207158e-01
1.317657818038126871e+00
1.679281731698399671e+00
1.771476518538907419e+00
1.496904023043667209e+00
8.629905753210435071e-01
1.997744975747038979e-02
-7.801521853041655241e-01
-1.301241675576214396e+00
-1.432010725256005257e+00
-1.206844526508312754e+00
-7.564296665286044385e-01
-2.468430942037966314e-01
1.641906200716506670e-01
3.574812061605416869e-01
2.732660530822328404e-01
-7.307547486060092523e-02
-6.025167814067284855e-01
-1.198374004389012981e+00
-1.753635729338012261e+00
-2.196169185662658396e+00
-2.499507912146584854e+00
-2.671806738986199470e+00
-2.740519536640652287e+00
-2.738859974024556276e+00
-2.697356400951906874e+00
-2.640603498170436492e+00
-2.586061183274640740e+00
-2.544517718239256432e+00
-2.520652440492735735e+00
-2.513255311021980631e+00
-2.516442818532264258e+00
-2.519038277799098502e+00
-2.504758499320053122e+00
-2.453862690505640654e+00
-2.343300826639330037e+00
-2.150928142851959102e+00
-1.857566055778407277e+00
-1.458380916206229339e+00
-9.665675448470762987e-01
-4.177534361155121889e-01
1.291836794450677006e-01
6.054611505733351606e-01
9.475694779513081922e-01
1.112426038232360526e+00
1.088925672358949326e+00
8.964555604590929150e-01
5.784248295783357419e-01
1.928272988431812829e-01
-1.983002046011368702e-01
-5.346818738182913533e-01
-7.661059130916844095e-01
-8.571610746797265756e-01
-7.940089006506567681e-01
-5.855304902131476252e-01
-2.609455723338324207e-01
1.356912275579474914e-01
5.583623780743259823e-01
9.668162905392877482e-01
1.333117893104415641e+00
1.640306618367151525e+00
1.884593313739636233e+00
2.068425624655359840e+00
2.199215387578311365e+00
2.283043440029795423e+00
2.324195441660762640e+00
2.323311898587482105e+00
2.276014182348407466e+00
2.174613705427330235e+00
2.008653439393690565e+00
1.768409610359372053e+00
1.451978883579924551e+00
1.070392351024165523e+00
6.521682241639236155e-01
2.501379959668271202e-01
-6.448152839466796127e-02
-2.239615262774306836e-01
-1.796973752628645560e-01
7.586892741264406048e-02
4.998925346530965208e-01
1.003369592544366418e+00
1.459425212645725445e+00
1.722347362531103654e+00
1.661771267737504720e+00
1.218391535443773543e+00
4.628797419691429438e-01
-3.957239362605396438e-01
-1.094984543313271441e+00
-1.446422295871707675e+00
-1.407288299924513764e+00
-1.063190235265103034e+00
-5.665468763323814327e-01
-8.147252536034396697e-02
2.510284422361936940e-01
3.378427652654268365e-01
1.517334892421143278e-01
-2.644355749892112195e-01
-8.158927339287856961e-01
-1.390718282238808223e+00
-1.898713349690506869e+00
-2.287655546370483073e+00
-2.546529878338215536e+00
-2.690225457614646931e+00
-2.746809569337793633e+00
-2.746897551142937655e+00
-2.716554943330544702e+00
-2.675506499129802318e+00
-2.637274676100332282e+00
-2.608709226222716282e+00
-2.590754016575960605e+00
-2.579176798275295113e+00
-2.564010930079330119e+00
-2.531171730056557490e+00
-2.462384746825512671e+00
-2.336713993314194493e+00
-2.132903287805195891e+00
-1.833985997180495264e+00
-1.435712505828417695e+00
-9.510992675910738825e-01
-4.135644915933099908e-01
1.202594569416499531e-01
5.847151894396893645e-01
9.186257086629843194e-01
1.079345819019424058e+00
1.054918174434855471e+00
8.631476424086933497e-01
5.459124285080934058e-01
1.602502244076605686e-01
-2.318680394985940807e-01
-5.694355560775491432e-01
-8.007009541340381897e-01
-8.884263993639167634e-01
-8.173003781190952832e-01
-5.957881364682413583e-01
-2.536404087222029480e-01
1.629228458394436918e-01
6.053572395052657651e-01
1.031729961768441450e+00
1.411270568030233763e+00
1.727837236194847748e+00
1.977980124706500975e+00
2.166679827632986388e+00
2.302533568042199885e+00
2.393629774114574005e+00
2.446808093326908740e+00
2.464280859073987973e+00
2.444035907868368884e+00
2.379349217251816029e+00
2.258816531396200311e+00
2.069295286018978164e+00
1.799918362670633432e+00
1.449194653530735621e+00
1.032849246927460829e+00
5.878240766815538976e-01
1.764490699745604740e-01
-1.235690460682034447e-01
-2.439329729486343079e-01
-1.447394219726162445e-01
1.658453476380523928e-01
6.268476002364509192e-01
1.131635943858568805e+00
1.541142956981316869e+00
1.707079703475294030e+00
1.515159104911728782e+00
9.464215102396019708e-01
1.245601643854047091e-01
-7.075893179166756752e-01
-1.299249270323511007e+00
-1.511083910478308701e+00
-1.351869727341852734e+00
-9.372206274761566425e-01
-4.270533697881991886e-01
2.197138864738904310e-02
2.861108181295026198e-01
2.944972883507823713e-01
4.398294760780172702e-02
-4.063727671734485014e-01
-9.569038065623157729e-01
-1.504442021435213661e+00
-1.973557312488566806e+00
-2.325795011827401115e+00
-2.558070063839146258e+00
-2.688250185623780375e+00
-2.743078447797057340e+00
-2.749536057301682934e+00
-2.730337913278590545e+00
-2.701562721526554967e+00
-2.672698877325365707e+00
-2.647759601899719595e+00
-2.624681590130930608e+00
-2.596219966803869017e+00
-2.550814811168850227e+00
-2.471939080569948377e+00
-2.341077615351391028e+00
-2.137708517880945180e+00
-1.846485346395254856e+00
-1.461654488002722685e+00
-9.939579996864821299e-01
-4.721847400202833778e-01
5.184153246766229350e-02
5.159008452658081501e-01
8.600537963250860507e-01
1.039259230883955665e+00
1.036965883953286260e+00
8.657831430273067452e-01
5.632317243224046477e-01
1.837618874276323588e-01
-2.115738127542032831e-01
-5.606716310308266227e-01
-8.093022512462088036e-01
-9.161689090858736728e-01
-8.610658328274036766e-01
-6.488692951481144222e-01
-3.068444451768037595e-01
1.192589526406220429e-01
5.775751939285013181e-01
1.023464476996936767e+00
1.421765534873739911e+00
1.754722807777148397e+00
2.017583690501079552e+00
2.216288538191866664e+00
2.359585671194037726e+00
2.458650222926128670e+00
2.521974519756681410e+00
2.554782457377179128e+00
2.557740249571064162e+00
2.525616597434006572e+00
2.448688492162284458e+00
2.313138441583866278e+00
2.103238222707908722e+00
1.807323266589457411e+00
1.425988879970619516e+00
9.801370975984631251e-01
5.149216299820358334e-01
1.020481750962302647e-01
-1.766308191397250316e-01
-2.549730908149165365e-01
-1.033055390099507087e-01
2.540871217477926880e-01
7.401943573830823686e-01
1.233940868203345698e+00
1.588093927127739891e+00
1.657283238453753027e+00
1.348388113526923560e+00
6.834095296555913190e-01
-1.698894376530796224e-01
-9.524280615193899679e-01
-1.437715846868276692e+00
-1.532277975036147488e+00
-1.283618916227916129e+00
-8.254048698898979186e-01
-3.178425887693990814e-01
9.241381713054787339e-02
2.979970965999035881e-01
2.474582428279148150e-01
-4.487309802427152244e-02
-5.103673038187876987e-01
-1.049699744051045380e+00
-1.570031698043123258e+00
-2.007127695647591192e+00
-2.332449278644063373e+00
-2.547787141311588677e+00
-2.671050606266256011e+00
-2.727198924809877134e+00
-2.740306438606361361e+00
-2.729286889732334576e+00
-2.707406490720206005e+00
-2.681455345047832672e+00
-2.651984716051090096e+00
-2.614898314156840264e+00
-2.560505968594441573e+00
-2.474927581441860092e+00
-2.341061736424342232e+00
-2.140106525106320046e+00
-1.857672504894376297e+00
-1.487285509485480883e+00
-1.036820402438705102e+00
-5.315520259069856923e-01
-1.784247423402023081e-02
4.454979032426511498e-01
7.997470627847628188e-01
9.981945945217046701e-01
1.019651580216260234e+00
8.713499968878004598e-01
5.860458994920273446e-01
2.150297064927902957e-01
-1.820136864368203378e-01
-5.424164716420672994e-01
-8.097847494903215315e-01
-9.389116613082965079e-01
-9.046653305736472861e-01
-7.070536120522894485e-01
-3.705206630964579806e-01
6.033777238272113735e-02
5.318613120739155153e-01
9.952367073431636069e-01
1.412309149594033197e+00
1.761314535550523308e+00
2.037206900208618610e+00
2.244466723852313716e+00
2.393683833206876610e+00
2.497205128840089383e+00
2.566022822068619202e+00
2.608349008244891021e+00
2.626822978024900390e+00
2.619190758243532535e+00
2.577387433584685361e+00
2.487777607005602132e+00
2.333932988117278118e+00
2.098909125522393726e+00
1.771172094775691486e+00
1.355601934010653542e+00
8.814354563991918523e-01
4.039831457330033682e-01
4.739067529382041261e-03
-2.327778341784795535e-01
-2.494278554947076953e-01
-3.123832239640465802e-02
3.776225974220675519e-01
8.819272830524945705e-01
1.346661947219990108e+00
1.619153377978437502e+00
1.564542874761588598e+00
1.122688652775538420e+00
3.666825415926392440e-01
-4.919401049463576481e-01
-1.191102188733936140e+00
-1.544773461461810715e+00
-1.511924149751241231e+00
-1.176450060624079752e+00
-6.853013628307393912e-01
-1.945291622676342258e-01
1.628484296280880983e-01
2.987695224297899355e-01
1.831179003877800027e-01
-1.518450384173628542e-01
-6.299816124217614277e-01
-1.154219761424388535e+00
-1.643382700006508434e+00
-2.045713341683880415e+00
-2.341397737245371591e+00
-2.536636568149694959e+00
-2.650078238839291611e+00
-2.703928545492878754e+00
-2.719009752683386516e+00
-2.711314335478172133e+00
-2.690316135083990812e+00
-2.659796995559421617e+00
-2.617834036753926341e+00
-2.556590051729855873e+00
-2.464596143892388902e+00
-2.325920195228214027e+00
-2.124173403670373883e+00
-1.845653582502414292e+00
-1.484560081806733711e+00
-1.046677349255747957e+00
-5.556145699078876010e-01
-5.371156061595603465e-02
4.031796074723008050e-01
7.579698758242525702e-01
9.639851544885956747e-01
9.974651036640145296e-01
8.622193733076221056e-01
5.876292485273408861e-01
2.224821623157562933e-01
-1.747646998404022156e-01
-5.413499157552669194e-01
-8.194764980537807553e-01
-9.613394350945512201e-01
-9.384708228387104167e-01
-7.473596153738383263e-01
-4.107972583272354039e-01
2.700880127940449155e-02
5.111770486374078715e-01
9.890706185095405889e-01
1.420118856858145318e+00
1.780022445193918168e+00
2.063186619901988372e+00
2.273524369861738226e+00
2.423137322904286073e+00
2.525497624354767101e+00
2.594522690653707109e+00
2.640042144507111832e+00
2.667320023189624134e+00
2.676411706816839153e+00
2.660896581085730350e+00
2.608977754237935986e+00
2.503871341123969696e+00
2.325918595501696107e+00
2.057584259602240895e+00
1.690393458502178925e+00
1.236361289368234306e+00
7.361251505439574405e-01
2.585572727625724543e-01
-1.063322000790762611e-01
-2.780890026622291344e-01
-2.106211747670125312e-01
8.704905671165832914e-02
5.472825046490426004e-01
1.054135668044489105e+00
1.460098321066938265e+00
1.612351108235035468e+00
1.398638281428083996e+00
8.091656540950714627e-01
-2.075002097099277673e-02
-8.431798521146884884e-01
-1.413706777827214767e+00
-1.605012059956364201e+00
-1.434259602031501712e+00
-1.017776682694129020e+00
-5.095640257623650360e-01
-5.663208889988630840e-02
2.269318329340951346e-01
2.762905015601972436e-01
8.621887797202304471e-02
-2.938115940113104618e-01
-7.806554750140798360e-01
-1.283887788056798707e+00
-1.735767643465250476e+00
-2.097222539625097859e+00
-2.358362654509920997e+00
-2.529126402584005895e+00
-2.627874516025181517e+00
-2.674806027054757340e+00
-2.686974139973921982e+00
-2.676245230258522234e+00
-2.649010236190536549e+00
-2.605173678549586480e+00
-2.539411367347719217e+00
-2.441773717520638876e+00
-2.298038147827927258e+00
-2.094162433200635220e+00
-1.817280754811728460e+00
-1.462618432923814771e+00
-1.034645743343701962e+00
-5.562161836489259992e-01
-6.710960186661318883e-02
3.799286445972929194e-01
7.293905303982721744e-01
9.353124011185063313e-01
9.729103176040734269e-01
8.437799333972304527e-01
5.749359162856725325e-01
2.132567270439605644e-01
-1.838452143172122077e-01
-5.536544248101272769e-01
-8.373951339695387963e-01
-9.854202135581272559e-01
-9.669115162088208759e-01
-7.761027165454681409e-01
-4.346403966150974019e-01
1.267996832992488582e-02
5.095380734129220102e-01
1.000285693811054033e+00
1.441687395264769966e+00
1.808656578174985263e+00
2.094247415797899858e+00
2.303291700618041560e+00
2.448578859222607651e+00
2.545922238487055012e+00
2.611011210504961433e+00
2.655225139722718453e+00
2.686368015552024868e+00
2.706272511266456959e+00
2.711050033702546713e+00
2.691109330756378260e+00
2.630453575487082585e+00
2.508584638845115844e+00
2.304040758517695853e+00
1.999344475756620332e+00
1.590324623675799964e+00
1.099473803568597141e+00
5.803248508673038986e-01
1.152130407087999936e-01
-2.004262218834786946e-01
-2.940463712485015813e-01
-1.379446886843765097e-01
2.334096117725318609e-01
7.290172915398936970e-01
1.214219727916038938e+00
1.533049503687230031e+00
1.541368512677218527e+00
1.161848632990111874e+00
4.450970498460935509e-01
-4.148074381218477824e-01
-1.155310570184131747e+00
-1.572200221201763393e+00
-1.601935850316020371e+00
-1.311613002776683246e+00
-8.391493456959892017e-01
-3.373652366638268396e-01
6.011545122749509945e-02
2.606813096719207135e-01
2.238300787429410299e-01
-3.235141319071362792e-02
-4.456238138102577295e-01
-9.303528550033365319e-01
-1.405656394989937219e+00
-1.817677081886731161e+00
-2.139033271465028641e+00
-2.366846323718285738e+00
-2.513940471275198263e+00
-2.597934200989146625e+00
-2.635584187354850005e+00
-2.640712441167327285e+00
-2.621419230857568561e+00
-2.579835414035513530e+00
-2.513192470394295164e+00
-2.413077332520332963e+00
-2.268079920819764173e+00
-2.065398138902176495e+00
-1.793799848362650273e+00
-1.448218359874992922e+00
-1.032734872063221010e+00
-5.681143821474395894e-01
-9.198384124455497024e-02
3.466375524491153159e-01
6.936317158620086687e-01
9.030674386685578758e-01
9.489840892676232320e-01
8.299692295061854574e-01
5.700774894162111694e-01
2.137951472267265729e-01
-1.827808831982260240e-01
-5.571071814934411837e-01
-8.493355036331843300e-01
-1.007652577080230705e+00
-9.982915956479428976e-01
-8.125286964303680692e-01
-4.698202656361082918e-01
-1.518112783187620073e-02
4.935313640836206384e-01
9.979226332384698583e-01
1.451022218956484311e+00
1.826391694984635938e+00
2.115231693601834273e+00
2.323051545890455483e+00
2.463333387981311073e+00
2.554328082731030847e+00
2.612912748297428145e+00
2.652821762892374924e+00
2.683613722205731023e+00
2.709208532142262982e+00
2.728842623535674417e+00
2.735479498147502131e+00
2.715580186151431263e+00
2.650112492801749209e+00
2.515335691274142693e+00
2.287321682214741081e+00
1.949894988634038651e+00
1.504172508619930904e+00
9.823294638590809313e-01
4.509232477471993850e-01
3.897188913510493159e-03
-2.625374300172388931e-01
-2.848334775806461439e-01
-5.502169472802528882e-02
3.700750459318180585e-01
8.794890524281047117e-01
1.325046159163516979e+00
1.547542350620026985e+00
1.418702136361978727e+00
9.016821054850001627e-01
1.027743218701739625e-01
-7.438512443597887769e-01
-1.382468641120147668e+00
-1.657208450448056203e+00
-1.558012604595020889e+00
-1.185059427189936399e+00
-6.859803611229314813e-01
-2.071997025639001899e-01
1.329131714977525858e-01
2.611450379715717918e-01
1.582455429302321304e-01
-1.414021326158580727e-01
-5.684794930404969415e-01
-1.039624197536914929e+00
-1.484841644634361302e+00
-1.860818441540498025e+00
-2.148912328748879830e+00
-2.350758992715562101e+00
-2.479178498179607892e+00
-2.550479084882433689e+00
-2.578744118684681563e+00
-2.573628302477678265e+00
-2.540290261330698129e+00
-2.477900819149652989e+00
-2.380823637882706123e+00
-2.240247869835608530e+00
-2.044497407337902306e+00
-1.784331884129816803e+00
-1.453366868544403001e+00
-1.055476701872334999e+00
-6.077650501269938887e-01
-1.450716186232507698e-01
2.878211139815136654e-01
6.385551409822075586e-01
8.603917216594885176e-01
9.249687835191021668e-01
8.263063707919789946e-01
5.838593217003760216e-01
2.383694324490917837e-01
-1.561341798637157219e-01
-5.377367656545297692e-01
-8.453227935694730411e-01
-1.024214601541948211e+00
-1.036248580260942020e+00
-8.677339480310393149e-01
-5.338354531553263227e-01
-7.803325334257853185e-02
4.407171579820974294e-01
9.608505999432346290e-01
1.430261661691512698e+00
1.819297480482103158e+00
2.116436103017447667e+00
2.326507511761971347e+00
2.463900673724010115e+00
2.548656822627922036e+00
2.548656822627922036e+00
