1.115488708064235546e+01
1.225857645745295699e+01
1.261515411838866640e+01
1.231674441340692994e+01
1.154129884342174428e+01
1.048704437509128695e+01
9.320788208032050548e+00
8.162196576993382635e+00
7.091384479980853861e+00
6.151987090803503477e+00
5.368184219507424970e+00
4.756440285155489889e+00
4.325210332745311526e+00
4.076273564103408908e+00
4.007573208592509317e+00
4.115609277802073862e+00
4.396296403961563293e+00
4.844297736263042609e+00
5.450983759160445530e+00
6.202430228803155643e+00
7.078129205719148054e+00
8.053088387233675149e+00
9.092070116933356871e+00
1.013765123094320764e+01
1.111121869477470980e+01
1.191714755722168917e+01
1.244400175233718997e+01
1.258826521455232417e+01
1.227979224671739544e+01
1.150353745373248948e+01
1.030480304601493735e+01
8.775674683105489038e+00
7.025731248697664633e+00
5.155908309566921588e+00
3.241331613245786336e+00
1.331947578628601248e+00
-5.449037885617126209e-01
-2.365874843128315419e+00
-4.111321608335626543e+00
-5.748380004463243154e+00
-7.242050871145720770e+00
-8.555587584927801359e+00
-9.655621391029175271e+00
-1.053227852010090615e+01
-1.119159721861244705e+01
-1.165390547692539691e+01
-1.195380482185399629e+01
-1.213220392275984594e+01
-1.222758008610798441e+01
-1.227023175426070267e+01
-1.227959497067057981e+01
-1.226201549182102823e+01
-1.220964251344570428e+01
-1.209947530833904850e+01
-1.189290354756148815e+01
-1.153762824396037345e+01
-1.097521422236790123e+01
-1.015456052727702208e+01
-9.037735535831865619e+00
-7.603292499066705012e+00
-5.874680503022049471e+00
-3.893596666097392855e+00
-1.710481698023913921e+00
6.264929608871541156e-01
3.077648957335028079e+00
5.593566053854134523e+00
8.073402449873965381e+00
1.032188554953428294e+01
1.203445377225552448e+01
1.286321574586407301e+01
1.257149473674477491e+01
1.117619915399346553e+01
8.937519208475370291e+00
6.205616653437477481e+00
3.265034306149141141e+00
2.823002523651572671e-01
-2.656010344500487896e+00
-5.470884024552820968e+00
-8.032654703010853936e+00
-1.016060235746600249e+01
-1.167388862457350385e+01
-1.246638118745562451e+01
-1.255965987090945646e+01
-1.208665358274797441e+01
-1.123354162015740343e+01
-1.018364569841786960e+01
-9.078509443155660108e+00
-8.017373472707129523e+00
-7.064548088148375093e+00
-6.253841964165571810e+00
-5.603255969580590801e+00
-5.125006889004900756e+00
-4.825872523447594986e+00
-4.707636221456353631e+00
-4.768474048942205279e+00
-5.004041806833738448e+00
-5.407372950514050203e+00
-5.967781421675046438e+00
-6.669931281698220360e+00
-7.495009984603196784e+00
-8.419212941114446735e+00
-9.404205261112444703e+00
-1.039000403413281681e+01
-1.129914811853129386e+01
-1.203604070061105169e+01
-1.249069036103101915e+01
-1.256404470381058580e+01
-1.219015036562958265e+01
-1.135830544890257521e+01
-1.011557188765020321e+01
-8.554226432277634018e+00
-6.780649594015332404e+00
-4.893134218937336577e+00
-2.962482886655124492e+00
-1.036944366269703321e+00
8.585020112656065461e-01
2.699405896005629302e+00
4.465273976540967915e+00
6.118459934518237553e+00
7.622229533447070438e+00
8.933185941119907270e+00
1.001839254591531514e+01
1.086787942696804521e+01
1.148737505697774886e+01
1.190239453294047856e+01
1.215377362432954200e+01
1.228737514867368752e+01
1.234565631557764931e+01
1.236319982459096778e+01
1.236396103202159757e+01
1.235916038396453409e+01
1.234608691591273377e+01
1.230705207879244334e+01
1.220880869734600793e+01
1.200269464964094190e+01
1.162652852497075529e+01
1.101333652196573709e+01
1.010909404362168829e+01
8.879950340077090942e+00
7.315499896336937979e+00
5.455063246329761917e+00
3.347962959198477861e+00
1.055284531714808294e+00
-1.377268263742330801e+00
-3.905576483963155265e+00
-6.465524300228603138e+00
-8.924462128836617936e+00
-1.104034362003307201e+01
-1.247368075710971880e+01
-1.289622151368395109e+01
-1.216121350540418966e+01
-1.039767545606692067e+01
-7.928780485114653942e+00
-5.095114126164576263e+00
-2.134950676337195041e+00
8.245123868497385988e-01
3.707793244680761546e+00
6.423784550544301197e+00
8.827344185509321761e+00
1.073397022984187643e+01
1.199302652801594249e+01
1.254734870850195705e+01
1.246323915380942893e+01
1.189463688181383283e+01
1.102390502704888853e+01
1.001634825441974641e+01
8.992986711322256355e+00
8.037278560947051176e+00
7.202920479939284526e+00
6.517789217275101521e+00
5.995212324521548730e+00
5.642849682929539590e+00
5.465046707647068125e+00
5.462180673219632965e+00
5.631027113837611786e+00
5.964751643360411748e+00
6.452988158476134828e+00
7.082800655233839393e+00
7.838282978752935115e+00
8.695722496473472063e+00
9.615139610060298381e+00
1.053807441732959127e+01
1.139066060230769395e+01
1.207972097792986688e+01
1.249816837451964524e+01
1.254915183629156594e+01
1.216615308439001630e+01
1.133498090798758717e+01
1.009758489618201516e+01
8.541362063455785858e+00
6.769027605496748201e+00
4.877483087253631666e+00
2.937132853049684300e+00
9.965735760934412157e-01
-9.190517337960940614e-01
-2.784917913957034141e+00
-4.579530612762174435e+00
-6.263017363237709745e+00
-7.795486751543714732e+00
-9.128468853086459944e+00
-1.022604706799694618e+01
-1.107445947453019741e+01
-1.167784709630952555e+01
-1.206473259191025882e+01
-1.227964763910737922e+01
-1.237247788280130045e+01
-1.239045752401037248e+01
-1.237405601654951504e+01
-1.235326673739760395e+01
-1.234557671534219558e+01
-1.235453020223002696e+01
-1.236863309424174595e+01
-1.236063864760691366e+01
-1.228738209535011627e+01
-1.209057310217151837e+01
-1.169944464395904760e+01
-1.104045081426107622e+01
-1.005835050268109399e+01
-8.725288552099380368e+00
-7.043880746203672771e+00
-5.067536688217850305e+00
-2.853532636204195949e+00
-4.691129828923065181e-01
2.040582312289108025e+00
4.627433961728249834e+00
7.209377634933071377e+00
9.620673562497701781e+00
1.158027378918045613e+01
1.273298487207940610e+01
1.279144663571949003e+01
1.170063328125013591e+01
9.674369735871326981e+00
7.063905704303067523e+00
4.184732570725023137e+00
1.234688435854838451e+00
-1.685579424987289743e+00
-4.503821289619889257e+00
-7.115725729208920214e+00
-9.369711899141751843e+00
-1.109155676912564381e+01
-1.216108220041100907e+01
-1.256030176665857923e+01
-1.238177896288241087e+01
-1.178511879771695448e+01
-1.094253374287786151e+01
-1.000263376468791243e+01
-9.071214787708507643e+00
-8.220106059662597886e+00
-7.496244539902065185e+00
-6.925021967147812596e+00
-6.517598094003671960e+00
-6.278157925925093252e+00
-6.207364712535240692e+00
-6.303010163227551921e+00
-6.560122676767758065e+00
-6.971316844822199599e+00
-7.526244580279437990e+00
-8.209646063948355277e+00
-8.996000599207309989e+00
-9.844403383224694437e+00
-1.069919754286092584e+01
-1.149008906134316454e+01
-1.212641434262258677e+01
-1.250491642564347927e+01
-1.253160791671509777e+01
-1.213996896684003524e+01
-1.131252376970445006e+01
-1.008571424988530829e+01
-8.541204823944250180e+00
-6.777223149014202086e+00
-4.888615575144990011e+00
-2.945210094682825464e+00
-9.958858741084628541e-01
9.339492563108089396e-01
2.819293071436963949e+00
4.637947929285341608e+00
6.348588215363538012e+00
7.908207169728899366e+00
9.264044974069715721e+00
1.037652499754488211e+01
1.122703981853516630e+01
1.181836186839399438e+01
1.218018816894900347e+01
1.235958179621248298e+01
1.240965907191086970e+01
1.238275476325295976e+01
1.232480080766610797e+01
1.227133037130397497e+01
1.224535884736547153e+01
1.225632930699627110e+01
1.229926636679496177e+01
1.235358631621376979e+01
1.238196666320133765e+01
1.233055956692918187e+01
1.213110353822654019e+01
1.170492541436685840e+01
1.097471199455219271e+01
9.889193620666933526e+00
8.430350409987816818e+00
6.618936050559716122e+00
4.521940241507738101e+00
2.204788040476290956e+00
-2.653321342722171350e-01
-2.842095435720464636e+00
-5.471081398845646149e+00
-8.045226113336239493e+00
-1.035738868147451086e+01
-1.208899185807007903e+01
-1.288863791571730921e+01
-1.253862835370588868e+01
-1.108968848098991522e+01
-8.828034157921731406e+00
-6.109150635166009202e+00
-3.209473579532960752e+00
-2.862201743678796650e-01
2.579649758291080008e+00
5.314803166711180360e+00
7.801965047663285802e+00
9.885369406298448069e+00
1.141140265127482678e+01
1.229318279179418738e+01
1.254994355857978761e+01
1.229383701416419150e+01
1.168443308544691739e+01
1.088107364042496350e+01
1.001567534679744043e+01
9.179779684268101647e+00
8.434470115652910494e+00
7.820188167538390189e+00
7.359977938432083810e+00
7.064172573232132102e+00
6.935778123478562485e+00
6.973615851377555686e+00
7.173780666524692151e+00
7.529561773640517153e+00
8.030150450145772112e+00
8.657833815905705777e+00
9.383564327958456630e+00
1.016575495035028709e+01
1.095058468100245364e+01
1.166808489002771587e+01
1.222766744323938326e+01
1.253012099998235129e+01
1.248614068509746211e+01
1.203394497896734272e+01
1.115956550078916898e+01
9.900086848065152267e+00
8.335630955211819071e+00
6.560285689150820332e+00
4.665331217133592112e+00
2.716483832585339542e+00
7.605089731659798735e-01
-1.178603618977024592e+00
-3.075737417449809996e+00
-4.906535369804750246e+00
-6.627082393422694118e+00
-8.190086305851847825e+00
-9.538533333283609750e+00
-1.063160272814079654e+01
-1.144796388066716197e+01
-1.199284998092249133e+01
-1.229961743884911662e+01
-1.241881135077724352e+01
-1.240766790496515881e+01
-1.232321327166673441e+01
-1.221514515884909713e+01
-1.212203195697073532e+01
-1.206988586479833714e+01
-1.207189475321536953e+01
-1.212792480848556842e+01
-1.222348413559117475e+01
-1.232786514772661590e+01
-1.239240723140027711e+01
-1.235097337519782990e+01
-1.212409300066811468e+01
-1.162575980478735005e+01
-1.077905811757356425e+01
-9.543744535679561380e+00
-7.917703893376306645e+00
-5.948167994975195327e+00
-3.711497845254501993e+00
-1.283360302036442580e+00
1.276884244540681612e+00
3.919145060289622062e+00
6.572132131188355153e+00
9.088948838761670146e+00
1.120761121031454977e+01
1.257642390360348728e+01
1.288224085447142819e+01
1.202287068567367179e+01
1.017418515396791712e+01
7.679274103276258145e+00
4.870210230129286444e+00
1.967381799839641010e+00
-9.150269675561013560e-01
-3.707401725925860703e+00
-6.325424063502819827e+00
-8.640808069300847549e+00
-1.049620200334239684e+01
-1.177078052002519826e+01
-1.242130640842923128e+01
-1.250744592701115288e+01
-1.215951798971337894e+01
-1.153304044037910359e+01
-1.077151873626204726e+01
-9.987696138848997762e+00
-9.257493062637424330e+00
-8.630442827044889853e+00
-8.139007342631197517e+00
-7.802324327114392943e+00
-7.629201676270187527e+00
-7.621453424160450574e+00
-7.776213980705584561e+00
-8.086176484570462009e+00
-8.538544830049270118e+00
-9.112660787529378581e+00
-9.778022371677730362e+00
-1.049409908333112540e+01
-1.120794597621551780e+01
-1.184817089526437428e+01
-1.232474559893108079e+01
-1.254305770514939589e+01
-1.241855403134936964e+01
-1.189545583242604643e+01
-1.096433095886250442e+01
-9.664248480598281787e+00
-8.074117052741705436e+00
-6.284266973333588524e+00
-4.381601268764237389e+00
-2.427502346989958593e+00
-4.655421120664616774e-01
1.481193487822187072e+00
3.387992261052753751e+00
5.226910660257786390e+00
6.951672240633790523e+00
8.509284606851890587e+00
9.839507251021784029e+00
1.089992025385197749e+01
1.166792024886548162e+01
1.215281352612856480e+01
1.239199035616402966e+01
1.244006000300164594e+01
1.235929635151912009e+01
1.221069809247146409e+01
1.204644391675816095e+01
1.190698739390258787e+01
1.182052340280455027e+01
1.180312420557674713e+01
1.185873505365342595e+01
1.197853066547441081e+01
1.213911044917995241e+01
1.230001368889549163e+01
1.240134181325571205e+01
1.236466049406442913e+01
1.209990239421186509e+01
1.151545923256102277e+01
1.053898343293131568e+01
9.145304580049637977e+00
7.351893262189549638e+00
5.231805778854917932e+00
2.866823042457841808e+00
3.381114915922181496e-01
-2.300562366811317982e+00
-4.993809319562861226e+00
-7.642561385826809328e+00
-1.005099882263814592e+01
-1.190730810736723022e+01
-1.285383328952738147e+01
-1.265252809797106792e+01
-1.133052903920592236e+01
-9.162314579844732521e+00
-6.507562759855499479e+00
-3.655104348508638079e+00
-7.730460136907395530e-01
2.054492336057705426e+00
4.760184691554755432e+00
7.242899813363337103e+00
9.368525034506772542e+00
1.099355555934707951e+01
1.203184724172192333e+01
1.248391191636204489e+01
1.243860657434193051e+01
1.203455698750064506e+01
1.141785063036019210e+01
1.071531386812353226e+01
1.002263076387685814e+01
9.402597735234692777e+00
8.894999755817305953e+00
8.525106748375399945e+00
8.307433449962701388e+00
8.248085034165828944e+00
8.346409613421819529e+00
8.595702817295149956e+00
8.983061055146203344e+00
9.488109816126140572e+00
1.008241588919523224e+01
1.072812642175070508e+01
1.137375207020470391e+01
1.194874294837678974e+01
1.236646344099912653e+01
1.253674599294342684e+01
1.237772772221530992e+01
1.183507251048047237e+01
1.089774994850561995e+01
9.600924424605043583e+00
8.018594128219307393e+00
6.236831800771027723e+00
4.339682638164508610e+00
2.387098088474054691e+00
4.220326203140356003e-01
-1.532415535338043533e+00
-3.451591947679782280e+00
-5.306346026238024649e+00
-7.049049275431753969e+00
-8.622893769791959429e+00
-9.963907031834716932e+00
-1.102515332400897563e+01
-1.178048223435836483e+01
-1.223855762584141260e+01
-1.243757032242192295e+01
-1.243475757978088936e+01
-1.229678091016285357e+01
-1.208825935289709896e+01
-1.186451501252648910e+01
-1.166918274527848887e+01
-1.153407517850104291e+01
-1.147928494641007724e+01
-1.151347700323821144e+01
-1.163346305348725451e+01
-1.182313898701259625e+01
-1.205158271219062804e+01
-1.227000632248386758e+01
-1.240887257160800772e+01
-1.237912213799110539e+01
-1.208185225238534422e+01
-1.142232753232436870e+01
-1.033469265918425428e+01
-8.808382746428383925e+00
-6.880803385847973352e+00
-4.642273283136673534e+00
-2.180383478051365120e+00
4.254749295230672579e-01
3.121371782654834615e+00
5.843469315032193911e+00
8.464266547868742663e+00
1.074502957724888574e+01
1.234302138581191421e+01
1.292098622384287054e+01
1.232447323944965056e+01
1.068166885639448616e+01
8.320271916583047656e+00
5.588293572510059981e+00
2.732466229986060480e+00
-1.147119400983308279e-01
-2.882563941264580709e+00
-5.501398229495960912e+00
-7.861524145884128068e+00
-9.827983650780756975e+00
-1.127935219886452067e+01
-1.215772044847548372e+01
-1.249296177753555348e+01
-1.238774649045338094e+01
-1.197950036105952876e+01
-1.140321752924879561e+01
-1.077181897907223451e+01
-1.016901971534603355e+01
-9.649319622584680900e+00
-9.245935128323644392e+00
-8.978544158662723262e+00
-8.857477245592521697e+00
-8.885335408773341825e+00
-9.058072157892640419e+00
-9.365101489518091071e+00
-9.789011351652876058e+00
-1.030503312208235656e+01
-1.087844660446238443e+01
-1.146048872846456135e+01
-1.198412362084362215e+01
-1.236787326754589245e+01
-1.252574500776927025e+01
-1.237698735481841972e+01
-1.186442716481217730e+01
-1.097021357350296000e+01
-9.720106265836495396e+00
-8.179789349279113608e+00
-6.429973033871812405e+00
-4.553381342323513437e+00
-2.610819283355592546e+00
-6.475194508860384612e-01
1.312908636478749225e+00
3.245341130097084026e+00
5.122589874965146173e+00
6.896963688854559571e+00
8.511103624142219104e+00
9.896475638931768515e+00
1.099956936119087203e+01
1.178711517611482407e+01
1.226131425976650391e+01
1.245729322452929821e+01
1.243231937564999612e+01
1.225602127608752134e+01
1.199679791933155926e+01
1.171429784079340131e+01
1.145701749052698304e+01
1.126155611186091399e+01
1.115278384199810269e+01
1.114428469851650760e+01
1.123862768433438752e+01
1.142686728597292500e+01
1.168668522340188787e+01
1.198002002436857261e+01
1.225015317401166648e+01
1.241862579853468951e+01
1.238706534762883926e+01
1.204973018148969288e+01
1.131129449907605000e+01
1.011548827583055754e+01
8.467155214790535567e+00
6.423637973423055314e+00
4.086459597377146480e+00
1.548315926034672607e+00
-1.116994995558719950e+00
-3.853616794655446043e+00
-6.585015965299237273e+00
-9.154653091920820884e+00
-1.128752104107682541e+01
-1.262571150247499574e+01
-1.286967768957447866e+01
-1.194911298713021530e+01
-1.006958642789891734e+01
-7.584025059623218823e+00
-4.817125840219769195e+00
-1.978054298157478241e+00
8.265901457574251765e-01
3.532243874963896690e+00
6.064192713030635673e+00
8.311197119616334561e+00
1.014193143226626326e+01
1.145723176851902814e+01
1.222222744593265631e+01
1.248623955562563914e+01
1.235750620584756376e+01
1.196850603660946000e+01
1.144348425481226350e+01
1.088381340423302568e+01
1.036409443478704517e+01
9.932925658006098502e+00
9.619240389478687092e+00
9.438699856080296158e+00
9.397785905257736161e+00
9.495747009323901366e+00
9.725067859145251958e+00
1.007160457405293563e+01
1.051338960134320111e+01
1.101823258608614076e+01
1.153979529509794411e+01
1.201491505823457295e+01
1.236729837160196865e+01
1.251496447725517314e+01
1.237862520547940015e+01
1.189852269018355813e+01
1.105039115266364469e+01
9.850929958702002054e+00
8.357046181920525285e+00
6.643765820253787702e+00
4.791877330487083420e+00
2.863162731285364249e+00
9.049140438500405947e-01
-1.058091536207194316e+00
-3.000514106037866835e+00
-4.897138117199307139e+00
-6.701140395551412610e+00
-8.355337831558713901e+00
-9.787925512879683154e+00
-1.093876058567287046e+01
-1.176701670883707607e+01
-1.226754753926283037e+01
-1.247073398511264131e+01
-1.243303782935247881e+01
-1.222593177779262064e+01
-1.192135843417560181e+01
-1.158336564133858992e+01
-1.126528848073331446e+01
-1.100822817341997251e+01
-1.084098355875956798e+01
-1.078103232170661130e+01
-1.083572507537740393e+01
-1.100202928612964115e+01
-1.126532109459074249e+01
-1.159687394654250525e+01
-1.195056430004762404e+01
-1.226020561748199533e+01
-1.243711109730941544e+01
-1.237348370415630150e+01
-1.195903593418536914e+01
-1.110246284161179808e+01
-9.764437405132131431e+00
-7.969738256897912265e+00
-5.799524143942525356e+00
-3.360874550892131385e+00
-7.495286771085736266e-01
1.969166235493794881e+00
4.736035096966015878e+00
7.452895939083953536e+00
9.924599390688003453e+00
1.183876662699966431e+01
1.283784148592132546e+01
1.268684431504078347e+01
1.141723817439680033e+01
9.306032090787606847e+00
6.712948573700215249e+00
3.926705334488182597e+00
1.116018975956626802e+00
-1.635819747079544584e+00
-4.267689441564248121e+00
-6.695392758416734758e+00
-8.808732539287115415e+00
-1.048423583076904642e+01
-1.164778709391363876e+01
-1.228923117693954126e+01
-1.247602456683695671e+01
-1.232028886234366816e+01
-1.194811889494310542e+01
-1.147245953326815204e+01
-1.098290122148131331e+01
-1.054465209729160513e+01
-1.020009028737290180e+01
-9.973667901377542222e+00
-9.877423638503881165e+00
-9.914218496686300952e+00
-1.007938579617335151e+01
-1.036108266024660551e+01
-1.073897892909533880e+01
-1.118220342977824799e+01
-1.164584760739246150e+01
-1.206992075164882827e+01
-1.238251408011365662e+01
-1.250522306452559640e+01
-1.236088462299275115e+01
-1.188942197106171328e+01
-1.106316765970727012e+01
-9.893107532106437674e+00
-8.429510464477267817e+00
-6.742362846163882928e+00
-4.909763376953396374e+00
-2.993073131858289049e+00
-1.040191648930708146e+00
9.233261785758567486e-01
2.872164910789208658e+00
4.781835190443495698e+00
6.606019326090774690e+00
8.286840814023793911e+00
9.749938939283346429e+00
1.092979970702135795e+01
1.177972825599529649e+01
1.228944961396815572e+01
1.248589725346696078e+01
1.242558166870801806e+01
1.218192674595389313e+01
1.182991255063977576e+01
1.143749435709228734e+01
1.106196693601819447e+01
1.074758136003643116e+01
1.052531493135282936e+01
1.041487853659465124e+01
1.042648701872967187e+01
1.056155437087788584e+01
1.081201107152437224e+01
1.115752773334037684e+01
1.156187532719621558e+01
1.196927473110514306e+01
1.230191833586581218e+01
1.245900348515022138e+01
1.232353365584106797e+01
1.178414111567546563e+01
1.076100061451808010e+01
9.240611200711112971e+00
7.272602976442763989e+00
4.963512861796784748e+00
2.420446892917905046e+00
-2.646890284941312288e-01
-3.032007834842277649e+00
-5.813938475786099680e+00
-8.477912531078132474e+00
-1.077804831094421623e+01
-1.236817893675809898e+01
-1.291993512168788882e+01
-1.229980553399242105e+01
-1.065582845776330068e+01
-8.322081528837813380e+00
-5.641147188600950990e+00
-2.851925251429074937e+00
-8.176781885601754063e-02
2.603092937349013258e+00
5.141478359674090726e+00
7.438488056380273328e+00
9.384013060497453651e+00
1.087292458799964479e+01
1.185794601892781053e+01
1.235785863959945985e+01
1.245666835252950300e+01
1.226851050420721201e+01
1.191134166863062660e+01
1.148551356813251445e+01
1.106821360854440606e+01
1.071433379657715967e+01
1.045906009122095526e+01
1.032181158470783267e+01
1.031015356717990272e+01
1.042255236932102669e+01
1.064902922603236135e+01
1.097048017720768165e+01
1.135677726206506222e+01
1.176440450169753937e+01
1.213635593216204533e+01
1.240454067907537450e+01
1.249363083719249090e+01
1.232885323795881050e+01
1.185119128627602336e+01
1.103115916550425268e+01
9.876193974168643308e+00
8.431629804696743946e+00
6.762859678894146853e+00
4.945177290489269240e+00
3.038542043922683789e+00
1.090692341854510694e+00
-8.726254651868236012e-01
-2.826118702595707521e+00
-4.745430156131420496e+00
-6.584186061185110184e+00
-8.283202249718973675e+00
-9.765469923466726598e+00
-1.096103517970043661e+01
-1.181823355126682529e+01
-1.232317730747766227e+01
-1.250075467415879160e+01
-1.240830392110614966e+01
-1.212158257552601626e+01
-1.171847311016629511e+01
-1.127067790108278089e+01
-1.083871133671992304e+01
-1.046855044561674219e+01
-1.019206118263933014e+01
-1.003014725096728199e+01
-9.994874515398604942e+00
-1.009086365092107052e+01
-1.031491960479928949e+01
-1.065427896166065835e+01
-1.108321163389407893e+01
-1.155770808617604573e+01
-1.201122557100417509e+01
-1.235336265637032582e+01
-1.247082898819166985e+01
-1.223930577564487621e+01
-1.155057270472750020e+01
-1.034321731729737692e+01
-8.632869680464876794e+00
-6.496776659477245808e+00
-4.057307447081488050e+00
-1.422041735676499830e+00
1.329069290755311439e+00
4.135219892091562599e+00
6.909309632820160196e+00
9.475258694834005624e+00
1.153717514319658832e+01
1.273522761996199648e+01
1.280427146699155294e+01
1.173161920916879630e+01
9.765468662903122876e+00
7.264774634287287647e+00
4.535224433226510143e+00
1.764128630997823466e+00
-9.550705990020161851e-01
-3.563452874358667088e+00
-5.992504448404774919e+00
-8.144748731574322775e+00
-9.910388556790094228e+00
-1.121152530254051349e+01
-1.202653563094771982e+01
-1.240050399628804811e+01
-1.242817776010196162e+01
-1.222199365937758664e+01
-1.189001842686333887e+01
-1.152010786357194583e+01
-1.117764312710232311e+01
-1.090791217251313050e+01
-1.073880940873092271e+01
-1.068430512484682637e+01
-1.074705769913715514e+01
-1.091969508963227575e+01
-1.118496375710878254e+01
-1.151440792658715928e+01
-1.186715488098146487e+01
-1.218982075688600375e+01
-1.241817265762325384e+01
-1.247992407324035291e+01
-1.230244137210533140e+01
-1.182733929042341359e+01
-1.102242807130106961e+01
-9.890759010911395421e+00
-8.472264279045228719e+00
-6.827151142964929420e+00
-5.027931399168926951e+00
-3.133562556542326849e+00
-1.191891015613060878e+00
7.706962089218934997e-01
2.728966352943283713e+00
4.658949292375145212e+00
6.514738051925372808e+00
8.236405827204137609e+00
9.744411075008386547e+00
1.096412465207114728e+01
1.183785070327021671e+01
1.234669270616759640e+01
1.251257777733293963e+01
1.239278342083659012e+01
1.206521554919097738e+01
1.161106016014366915e+01
1.110622313433527886e+01
1.061441124599649655e+01
1.018299034783021995e+01
9.844863042484062632e+00
9.622271976377799518e+00
9.529366361603358371e+00
9.573543158862204194e+00
9.755282187379476611e+00
1.006760984614539822e+01
1.049393268135491475e+01
1.100361392853855236e+01
1.154559858336365252e+01
1.204311976484105173e+01
1.239357490887759816e+01
1.247241936084467895e+01
1.215002820388786731e+01
1.132389805036909891e+01
9.953483644069676117e+00
8.079830124972497529e+00
5.806368522009512034e+00
3.260808396614604199e+00
5.510514247032048951e-01
-2.252378166773226109e+00
-5.084264951580752978e+00
-7.830919554064761812e+00
-1.027241956166463410e+01
-1.207671739520004017e+01
-1.289641845753653726e+01
-1.254649573877801494e+01
-1.112138457936865166e+01
-8.932706034046491439e+00
-6.335112902302317828e+00
-3.593313396049226061e+00
-8.549126384556683389e-01
1.807665960177534448e+00
4.338323380222306014e+00
6.658674857468188435e+00
8.674265220229417039e+00
1.028287091570974709e+01
1.143156611808740841e+01
1.212039424330066950e+01
1.241199832694233152e+01
1.240482324285719073e+01
1.220630357780923525e+01
1.191448440896151340e+01
1.160648125444784817e+01
1.133782501659208641e+01
1.114558774327968038e+01
1.105126028013658690e+01
1.106316014588110797e+01
1.117833836638401301e+01
1.138305312710538431e+01
1.165233912232580238e+01
1.194945664536910712e+01
1.222564508336130551e+01
1.242103440504077838e+01
1.246683180044650463e+01
1.229238389420075528e+01
1.183891944329693224e+01
1.106998128297401252e+01
9.981884902738618948e+00
8.607295111608101124e+00
6.999960270851132371e+00
5.228950123698822061e+00
3.353246478437950095e+00
1.421219909585454744e+00
-5.387230462101695316e-01
-2.501688006868576508e+00
-4.444422577224750093e+00
-6.323038436138433305e+00
-8.078224799135080403e+00
-9.628745260683732710e+00
-1.089458853508222091e+01
-1.180994652238283038e+01
-1.234749584452514171e+01
-1.252317048929111643e+01
-1.239184396725271853e+01
-1.203280324434675563e+01
-1.153096361991200780e+01
-1.096723957699707874e+01
-1.040920915760753651e+01
-9.906485967216825728e+00
-9.906485967216825728e+00
